
FKR: 34.04173278808594
WPS: 21.546437659033078
SPW: 1.0
[1993, 631, 1742, 1180, 475, 209, 3864, 1062, 362, 160, 2116, 607, 40, 12, 11, 88, 73, 1034, 233, 1189, 274, 160, 863, 1010, 12, 2054, 45, 171, 90, 1286, 2661, 7, 313, 1157, 149, 49, 406, 14, 8, 19, 47, 23, 1478, 2, 568, 100, 322, 15, 57, 57, 12, 404, 154, 85, 25, 22, 46, 77, 27, 358, 374, 1, 103, 84, 36, 773, 123, 132, 27, 236, 62, 56, 244, 45, 37, 62, 3, 132, 79, 117, 2, 3, 442, 314, 126, 68, 265, 27, 453, 78, 551, 1113, 112, 1132, 373, 134, 239, 35, 7, 832, 556, 1685, 169, 134, 547, 9, 331, 745, 2, 327, 0, 0, 165, 0, 2336, 349, 1141, 10, 91, 134, 42, 146, 385, 203, 219, 505, 15, 40, 158, 885, 2724, 90, 1, 10, 1, 57, 159, 18, 11, 114, 143, 14, 6, 53, 49, 122, 60, 49, 1015, 1125, 3, 13, 211, 24, 29, 279, 56, 2, 12, 40, 434, 544, 5, 5, 208, 218, 236, 39, 210, 286, 973, 254, 131, 275, 0, 31, 48, 299, 0, 0, 0, 0]
will:187
administration:144
congress:128
federal:110
government:102
years:101
policy:98
year:95
program:94
energy:92
states:92
economic:84
nation:82
national:79
programs:76
united:72
development:70
security:69
support:66
health:65

